42 14 12
42 15 12
42 16 12
42 17 12
42 18 12
42 19 12
42 20 12
43 14 12
43 15 12
43 16 12
43 17 12
43 18 12
43 19 12
43 20 12
44 14 11
44 18 19
44 20 14
45 14 11
45 18 19
45 20 14
46 14 11
46 20 14
47 14 11
47 20 14
48 14 11
48 20 14
49 14 11
49 20 14
50 14 11
50 20 14
51 14 11
51 20 14
52 14 11
52 20 14
53 14 11
53 20 14
54 14 11
54 20 14
55 14 11
55 20 14
56 14 11
56 20 14
57 14 17
57 15 17
57 16 17
57 17 17
57 18 17
57 19 17
57 20 17
58 13 19
58 14 17
58 15 17
58 16 17
58 17 17
58 18 17
58 19 17
58 20 17
